,v,a1,a2,ter,a_dif
0,1.3540978,1.8006353,1.6859279,0.36085415,0.11470747
1,1.5455501,1.6527671,0.7019726,0.2796862,0.95079446
2,1.7612146,1.7003626,1.4353801,0.27825636,0.26498246
3,2.1840394,1.3114959,0.80126846,0.36894584,0.51022744
4,0.80661035,0.62919,1.7467468,0.48565465,-1.1175568
5,0.31397492,0.6934806,0.9922048,0.38581052,-0.29872417
6,2.149446,1.3058832,1.9101243,0.4674387,-0.60424113
7,1.3965111,0.99554265,1.2647648,0.28333628,-0.26922214
8,1.2682455,0.93291116,1.7017953,0.28734332,-0.7688842
9,1.4085892,0.70687985,1.490092,0.2150234,-0.7832122
10,0.19632304,0.9382044,0.50050265,0.2565991,0.43770176
11,0.7145614,0.85735124,1.7676125,0.47121292,-0.9102612
12,1.0652093,0.6041658,1.9105289,0.31374922,-1.3063631
13,2.5680542,0.5692973,1.7316128,0.49079967,-1.1623155
14,2.7345636,1.3191444,0.97680604,0.22770593,0.34233832
15,2.542672,1.4228207,0.7567348,0.21816865,0.6660859
16,1.3455453,1.0227162,1.0102212,0.38990307,0.012494922
17,2.8700414,1.5771403,0.6175493,0.26788718,0.95959103
18,0.13577235,1.7206993,1.4080346,0.45882112,0.31266475
19,0.62095016,1.8315153,1.7361475,0.23114315,0.09536779
20,2.5204904,0.7060201,0.9600748,0.44603735,-0.25405467
21,0.7284236,0.7505057,1.9585671,0.4549713,-1.2080615
22,0.34005797,0.75071764,1.4322904,0.2655127,-0.6815728
23,1.7560849,1.7981111,1.7055047,0.37557414,0.092606425
24,0.89432216,1.4394537,1.8438928,0.20965664,-0.4044391
25,0.69070745,0.5208744,1.4546263,0.2901804,-0.93375194
26,2.5053759,1.7571349,1.3585311,0.22649536,0.3986038
27,0.41863847,1.047857,1.7084732,0.23217568,-0.66061616
28,1.015901,0.66294,1.3488479,0.46113312,-0.68590784
29,0.8391761,1.3351979,1.532716,0.4690553,-0.19751811
