,v,a1,a2,ter
0,2.1836867,1.935096,0.64616084,0.41426206
1,0.9707789,0.6385688,0.94363654,0.3692886
2,2.1202257,0.6722377,1.1630561,0.25903374
3,2.4333367,1.7141782,1.2602586,0.49978924
4,1.5944219,0.6554271,1.9467499,0.30296364
5,2.7954357,1.2571645,1.6472534,0.44144136
6,0.3182298,1.2511158,1.8177831,0.24432763
7,2.1312258,1.3677437,0.6930713,0.28465658
8,0.15652388,0.93583804,1.9790211,0.3633836
9,1.286156,1.91884,1.0611393,0.34318033
10,0.033028543,0.87273204,1.6776482,0.3302047
11,1.049794,1.1005943,1.9908918,0.36100733
12,2.6807566,1.2886311,1.265944,0.42132145
13,0.8534877,0.9419921,1.5276595,0.38807037
14,1.9184171,0.5896457,1.7245798,0.350106
15,1.243412,0.6203416,0.7028698,0.47290146
16,0.7071478,1.0792947,1.8327614,0.40032694
17,2.4660668,0.7170547,0.917314,0.4064073
18,2.508176,1.1663562,1.6217368,0.44554865
19,1.4939814,1.6806562,0.6217748,0.32310504
20,0.9350592,0.68287873,1.8146769,0.37592614
21,1.655544,1.5905198,0.6369499,0.3983981
22,2.5238695,1.6566741,1.9762118,0.34977102
23,2.4514318,0.7762039,0.5954914,0.35697806
24,0.34669197,1.1475047,1.8335146,0.32427377
25,1.8085817,1.969183,1.9028697,0.3360516
26,0.19195104,1.1580786,0.5313438,0.334396
27,0.10047752,1.3034735,1.9808056,0.20890208
28,1.6259987,1.345364,0.8328852,0.2880565
29,0.088128984,1.3391833,1.4458804,0.31417137
