,v,a1,a2,k1,k2,ter
0,2.2653041719879097,1.942234846024379,0.5194770839794844,0.05511404505764439,-4.613291654754071,0.4290706624910079
1,1.0112475660351536,0.7280402217552102,1.080019932500584,1.3909948978596012,0.7318019737392695,0.3538561385890654
2,2.176489541159804,0.5861687645457483,1.0590342030269257,-2.4646474966850995,-0.4778314397338904,0.27044697893980957
3,2.445936931012861,1.8124723610715625,1.4652098981723252,-0.03966565359161948,0.5936545911974145,0.4705655964331432
4,1.692502317289497,0.7046688544895151,2.1125164065756286,0.8075127934440937,0.20512223006002345,0.30391595104331337
5,3.2201042707869862,1.096408291477291,1.5892228012025371,-1.485865745108567,-0.5824197244353475,0.4734325509278555
6,0.3796785851960424,1.9368827958246961,2.409280441460494,1.357653070926727,1.0624934091142801,0.12337759024903894
7,2.1477591240223384,1.314615888983119,0.6661009667193215,-0.17151657797405015,-0.5988946264643804,0.2884634589518081
8,0.18283647459981384,1.2994179907545187,2.9000784543614966,1.540622287674401,1.3323421308043504,0.2993650572944666
9,1.480076858536642,2.1681048077185943,1.0370262315207217,0.2851933294282866,-0.47273053677333843,0.337670755293723
10,0.0210576704077787,0.9772423043521846,2.3186844302717273,0.7836292402974765,1.2995353460630625,0.3192172264650051
11,1.1841212669868957,1.1858374334526571,2.451631828267829,0.34607309498173844,0.6299182757353344,0.3542067086129334
12,2.74452908903349,1.1904793317015074,1.1937122477564184,-0.5620432871898704,-0.09230549233476824,0.4299838524087398
13,0.9681007675516591,0.8661325649067475,1.4363746017822803,-0.5259318829371038,0.2821051883678488,0.39962194497723413
14,1.9737488139716852,0.5723943853691273,1.8291048067181963,-0.5177113724842223,0.14886700823054794,0.3503267005959651
15,1.2652277118026474,0.5647672654112776,0.6879680206606285,-1.6709915643447772,-0.2524656830890977,0.47812690266374636
16,0.8536195008838467,1.401730221337755,2.479722846191703,1.146866091052526,0.932846416632848,0.37490442338027935
17,2.5000618421437895,0.6421319497998306,0.8055834803164998,-0.7893225724820068,-0.9954751142007273,0.4187781004459285
18,2.394371757661613,1.1923513809972992,1.6700761601779963,0.5283698997792675,0.34781421865305073,0.449659386354805
19,1.5640580814219534,1.7767936812018363,0.5629258792740006,0.2898333726008384,-1.6955990824260194,0.33523712512365816
20,1.0639180898817318,0.7608062106803626,2.0197798746864555,1.211278481101013,0.5524329004663362,0.38321504514277144
21,1.7824928644031468,1.5805768178871635,0.506773366631939,-0.11643560237881845,-4.38451113718911,0.41482137011344594
22,2.5235706785419025,1.607514115376261,1.9496383167035867,-0.0456305715269747,0.05932572632674169,0.37027348332420956
23,2.4475217106026594,0.8522340288566462,0.6688963650198173,1.0614955167182352,1.6959398899528717,0.35025840414754383
24,0.4569033088823721,1.4738013460067474,2.563012558705056,1.160076610094284,1.1623517795258014,0.27749348028043525
25,1.9681342315990558,2.1365390320447384,2.063070295731909,0.06932733330263842,0.0918627984814279,0.31826971483293476
26,0.2758697190679982,1.3993090480095713,0.7186689535324303,1.0033838256784064,2.816450073766974,0.3058424209757153
27,0.12893569736310936,1.8046515629107414,2.82382029215256,1.2658691685013386,1.2234371001546833,0.14442783358223998
28,1.7123762944694354,1.483306756779327,0.9117047574950105,0.34213743955827775,0.2376508110234479,0.27784399206052024
29,0.1265990091532156,2.9449735385169964,2.806880725430439,1.5255888478527697,1.3509437722772781,0.03454427065736809
