,SAT,Participant,Drift Rate,Boundary Separation,Non-decision Time,Effective Inhibition,Drift Rate	,Frequency
0,1,1.0,4.666795010929213,4.303919476092275,0.1663710810984012,4.748007169479975,,1
1,2,1.0,5.369237758042862,0.9526421553373252,0.3647704346141636,2.8092961985617064,,1
2,1,1.0,3.165994008516504,0.522083093006299,0.3812123838971302,-2.4762087976002327,,2
3,2,1.0,3.5275805417199546,0.9943550603068907,0.3635253556466436,0.49587223446800804,,2
4,1,1.0,1.8390836300223092,0.8660687564681346,0.36588087322065915,-1.0278475574203192,,3
5,2,1.0,1.8736257927337532,0.6916507868477089,0.38136582973781724,1.1200673347631422,,3
6,1,1.0,5.359691685649665,0.7432050014316989,0.3534418575470904,-6.241623882074825,,4
7,2,1.0,4.06236228217908,0.6382584817291352,0.402755577989204,-1.5110202840684008,,4
8,1,1.0,4.251875245296368,0.8595889276048303,0.3480945921085055,1.0412945848699413,,5
9,2,1.0,4.182979418681286,1.6222011851579379,0.3220462297813316,3.0450453487249534,,5
10,1,1.0,5.252154724617777,1.2403572665555038,0.31824391515661427,2.719568182153386,,6
11,2,1.0,4.581655265747967,3.8188526353199648,0.17968098268726895,3.8572607644215378,,6
12,1,3.0,3.950038146119142,0.7470312561567969,0.31661408135418057,-0.6021673310244419,,1
13,2,3.0,5.311227402891903,2.307749448488035,0.3250362870308955,2.0223911033645274,,1
14,1,3.0,2.5074856073420237,0.8403778305170237,0.31572701072696296,0.9079914941149293,,2
15,2,3.0,3.8429857083256023,1.485176844438802,0.34387271869687625,-0.41397203821693435,,2
16,1,3.0,2.4648234843687273,0.9724085753179388,0.3010424435876383,0.6936110646815393,,3
17,2,3.0,3.577152855417161,1.001253683273509,0.45777365684796045,-2.6791693621779595,,3
18,1,3.0,2.4924189574392694,0.9926294798281581,0.2643068714021593,0.9051411036703538,,4
19,2,3.0,4.3845733180179005,2.6796243787328713,0.1093379968277568,-0.18676055363132701,,4
20,1,3.0,2.9019843014826443,0.5174612869516535,0.30342681751777456,-3.6531799249025285,,5
21,2,3.0,3.1280259575156677,1.3849530696483603,0.3325872751973107,-0.7120661258270929,,5
22,1,3.0,3.8969549290256484,1.177660704979988,0.31854447984259937,2.55001918274637,,6
23,2,3.0,4.194130776689917,1.716061283029573,0.3346975909761484,-0.45961629985516433,,6
24,1,4.0,5.395719042388229,0.6425685610505045,0.32766632462986045,3.017221527762303,,1
25,2,4.0,4.624501937051084,2.8668389262997995,0.18171073387608672,3.627097056285145,,1
26,1,4.0,3.5996774041595683,0.868449493591601,0.30545344072640734,2.7333133889343637,,2
27,2,4.0,4.961728935765253,1.2508682265884676,0.3331983774880496,0.6543380616004707,,2
28,1,4.0,3.1553983213720316,0.7263906630242367,0.34393921827034124,-1.3270816783910404,,3
29,2,4.0,2.9905517274538576,1.1093425049171608,0.3224947029637652,0.7633425521116728,,3
30,1,4.0,5.327386194117073,0.8017050291762935,0.34166463626315,2.4251800998722683,,4
31,2,4.0,5.553698381618584,1.3092822308523826,0.34639527287117056,-0.2755643254478561,,4
32,1,4.0,4.278036099371888,0.5162996353218752,0.3312038659371427,-2.3717982839400737,,5
33,2,4.0,4.225891741531882,1.6486670970663608,0.3186580284098122,2.3367441877781965,,5
34,1,4.0,5.03575744233668,0.7070312165805523,0.3131293142462953,-0.6731932103368969,,6
35,2,4.0,3.647717153984459,1.2978497304458192,0.327100896879089,1.4898891526365547,,6
36,1,5.0,6.0,0.6716719798445365,0.31990050942505777,-1.191813092698759,,1
37,2,5.0,4.656729840549143,1.7078436810916444,0.3046895438256072,1.501130451759102,,1
38,1,5.0,5.849020857049139,1.1653928854639877,0.31570567299871916,3.050385119283599,,2
39,2,5.0,5.094463094369223,0.906164953941194,0.42918405336010196,-3.9972443215259825,,2
40,1,5.0,4.29363603624894,0.8415446908261282,0.3357308881072686,-0.9999594377389527,,3
41,2,5.0,5.199533258898793,0.7353181493169183,0.4785345122587412,-4.663662670533253,,3
42,1,5.0,4.871955740219498,2.178371939428508,0.2338570267729898,4.818726541839678,,4
43,2,5.0,4.502060545094164,0.9534164648208887,0.4039747157309971,-1.6501512211282328,,4
44,1,5.0,5.399057026793372,0.5038463853134987,0.3740103209764748,-2.3024395726021276,,5
45,2,5.0,6.0,0.9034332056165804,0.4672176460718598,-6.372939500471219,,5
46,1,5.0,4.068212580480096,0.9484175792464011,0.28216401717782286,2.0691581866779973,,6
47,2,5.0,4.064298899478017,5.800580602946701,0.136074210792743,3.16199961243968,,6
48,1,6.0,4.244377478425992,0.9311204814786804,0.2558879124019651,-0.0687072229139067,,1
49,2,6.0,4.689867051242177,1.5930068711911294,0.341651069373447,3.3395841412081255,,1
50,1,6.0,2.3887621748347274,0.9855313724204957,0.2243099504454253,-0.14676744481961118,,2
51,2,6.0,3.718298887954413,1.1579914475962387,0.4095430725251193,0.7447089979701714,,2
52,1,6.0,1.1681581251549358,0.9880983061856998,0.20911523678975757,-0.16077322822801662,,3
53,2,6.0,2.8551266651663942,1.1491194290067983,0.4202003717821554,0.4934779152116101,,3
54,1,6.0,1.8389369192037492,0.9343901524225595,0.21072360083484803,-0.2827853335488481,,4
55,2,6.0,6.0,1.2440637303306659,0.40586377216617275,-2.9604808036956247,,4
56,1,6.0,2.1898074146848416,0.8140619522418584,0.28894247847521826,-1.8360650235217557,,5
57,2,6.0,3.8525780343655276,1.3853425240056767,0.3841170291416378,1.267198770607421,,5
58,1,6.0,1.7947874509526822,1.038674893295842,0.17495392461610199,-0.496616733333739,,6
59,2,6.0,4.491316020444517,1.270000747826098,0.3293729815844339,-0.8486675939065216,,6
60,1,7.0,0.8337191993419936,0.6825382667240518,0.18149563615788694,-0.26968148572383627,,1
61,2,7.0,5.554262451358325,1.1821084999952247,0.25408375449662424,-3.310938030370139,,1
62,1,7.0,0.0385241914167933,1.1008089532276246,0.20120434349385713,1.196088163617131,,2
63,2,7.0,5.336059762578827,1.0440831356420532,0.33316083731772883,-5.0847567628196435,,2
64,1,7.0,0.03196865561353812,0.9113603268358066,0.18913704861486164,0.012186521626417868,,3
65,2,7.0,1.3800897286866396,1.241808319724842,0.24480477767764902,0.08417116843356008,,3
66,1,7.0,3.6137432288858595,0.9078175410792748,0.2512072577285509,-1.1376872455219285,,4
67,2,7.0,2.795650211363204,1.173165760043363,0.3039882821317088,-0.32200171771446284,,4
68,1,7.0,4.733836692635832,1.2306034246021196,0.2089688873530295,-0.3740090449148793,,5
69,2,7.0,2.2635567513941344,0.9228170596171572,0.35438823274057507,-0.6230405021958306,,5
70,1,7.0,3.4377834498622297,0.7117829313069173,0.26919688561677835,-2.98974717085698,,6
71,2,7.0,6.0,1.129237384803321,0.3293339534827021,-5.089956997557593,,6
72,1,8.0,1.2031503526800984,1.1412438660086912,0.13944516486391867,0.34867210577728497,,1
73,2,8.0,3.5928861602550084,1.3988673437429826,0.40126204979375346,-0.6734436237095014,,1
74,1,8.0,0.46659221526297195,1.2158887531428726,0.15462979677199695,0.7951090145754212,,2
75,2,8.0,1.8288244235386026,1.842928499111756,0.3480660835833542,-0.002247336549866777,,2
76,1,8.0,0.0,1.5858133441297069,0.10532349710195843,1.1606328324096509,,3
77,2,8.0,0.5557936792810168,1.288124144387854,0.28474533187691764,0.7992527625626505,,3
78,1,8.0,1.0383753268296376,1.012796835665959,0.19500964808860832,0.021764806324015167,,4
79,2,8.0,1.9412879174974493,1.825478206190585,0.2781992443977106,-0.20261936890870438,,4
80,1,8.0,0.982172381135584,1.1193937114940793,0.18739350275880956,0.1256949837940269,,5
81,2,8.0,2.9281267428183684,2.368971052181335,0.16746233141297556,-0.34159574267065795,,5
82,1,8.0,0.5340312348739111,0.8242321444358174,0.20790587270658695,0.6925577319996661,,6
83,2,8.0,2.3014164871782934,1.945821959801501,0.11501791943737738,-0.43476029238357683,,6
84,1,9.0,5.461968131317958,0.8477857370428725,0.37780869623402613,5.40767546802262,,1
85,2,9.0,3.7656514731018738,2.3236055672179656,0.31035241564205457,3.3133138189156015,,1
86,1,9.0,2.5759405702632137,0.6036677573764333,0.3897657201394701,0.9762244374642534,,2
87,2,9.0,4.436516936992933,1.4922631065066696,0.4084730260579311,-1.8758500075529863,,2
88,1,9.0,1.362972549715193,0.7521547804298452,0.39829894003070515,-0.31322249751903736,,3
89,2,9.0,2.0194077981241763,1.2781983081232786,0.40551117822845006,0.1934399033578133,,3
90,1,9.0,4.010763795878733,0.895881195553077,0.3660808939498417,3.0095929607675775,,4
91,2,9.0,3.309335306969066,1.7748957816512378,0.37670708977941103,1.49578831668644,,4
92,1,9.0,5.087226236958765,0.8475727331060869,0.38931691347996267,0.3617800902241407,,5
93,2,9.0,2.637665102969911,1.9664163961147634,0.21399836134951217,0.7075696409816701,,5
94,1,9.0,5.28714582885457,2.101726445781985,0.332043898619889,6.360385856446955,,6
95,2,9.0,3.8289895406619063,2.222415895153176,0.33944274983047723,1.873155008803489,,6
96,1,10.0,2.93722247957618,0.5064840182818715,0.2917200432492743,-0.8727708176515729,,1
97,2,10.0,4.930458770097395,1.0018699668604123,0.34203986695068744,0.8554902686052448,,1
98,1,10.0,3.081990590553633,1.1355691665487386,0.2603904810460504,0.17897199746924097,,2
99,2,10.0,3.525385217033425,1.0500430101515832,0.3472969963862953,1.0107282023619495,,2
100,1,10.0,0.9130607039948675,0.6867355247900861,0.2882400507800976,0.5747228013790824,,3
101,2,10.0,3.3719815343415807,1.2678717952771206,0.3701262094031035,1.0424425679484546,,3
102,1,10.0,4.730056365453576,1.0093086040086026,0.2671244502934193,-1.8239968121798507,,4
103,2,10.0,3.443448633730036,1.1750511690453922,0.3353390230286416,0.36109752644490795,,4
104,1,10.0,4.62538612210729,1.5522045157839255,0.23433036399603868,2.208902668284474,,5
105,2,10.0,3.8772283885363303,2.103767668341909,0.26396897476833253,1.0875726306934708,,5
106,1,10.0,4.320339716902486,0.8355892906192537,0.2909138558828342,-0.7384848573792115,,6
107,2,10.0,3.20334770747702,1.1223369326393065,0.3105481465855932,0.4922572312813922,,6
108,1,11.0,4.836939898764545,0.9895401536671402,0.3201075358448532,4.032132800993741,,1
109,2,11.0,4.878559530230964,2.4785465411775505,0.25930239449727965,4.973059458795225,,1
110,1,11.0,1.7405260422339985,0.578156042651381,0.3525433066083009,-2.4022574896391733,,2
111,2,11.0,4.371246181725685,0.9291501651225058,0.40045904886739203,-1.1493989087795577,,2
112,1,11.0,1.26532287654978,0.8191491459976716,0.32211062209756725,0.6801551507942438,,3
113,2,11.0,2.0961186892518757,0.8534126914500479,0.377660305000206,-0.847617438603383,,3
114,1,11.0,2.387026553655511,0.7581814847250081,0.3319676220578977,-0.5120105919395811,,4
115,2,11.0,4.024254858700985,2.8573165606850903,0.22277787719414494,2.1737921296056193,,4
116,1,11.0,4.03277098202082,0.80084282400736,0.34888059187150605,-1.3046830605675037,,5
117,2,11.0,5.427330116020847,1.4325658401002714,0.37331275837883504,-0.8323842785796484,,5
118,1,11.0,3.6422429687786178,0.6497704135361468,0.3543379663635215,-2.1068946551612084,,6
119,2,11.0,3.9053597179382007,1.8478903704831784,0.30988464762738666,1.6159407926448794,,6
120,1,12.0,4.977465454412309,1.453491659994036,0.20970040936641704,-0.7732513288584622,,1
121,2,12.0,3.304972748070321,1.0155928580736937,0.30133516750828715,-0.41733072406782395,,1
122,1,12.0,1.4519861240832805,0.5028141889802558,0.3148514013068054,0.7194232008026009,,2
123,2,12.0,2.216620497813682,1.1351281620394782,0.3545227482551084,-0.6072650302541996,,2
124,1,12.0,0.8373302029685811,1.0010394530811562,0.26671299828209966,0.8478222707985343,,3
125,2,12.0,1.7167828888426755,1.1207357194913845,0.38078799104294087,-0.7788258156838908,,3
126,1,12.0,3.1401697534692676,1.4517709075496956,0.16880019360188642,-0.8789867092726849,,4
127,2,12.0,3.3201055188655206,1.338175281117414,0.32478941819856,-1.0208550179584421,,4
128,1,12.0,3.139779584050365,1.1266271955296108,0.3166502200797529,0.6193175936332109,,5
129,2,12.0,4.141201992379506,1.5658874622472325,0.321503475029949,-1.4530812096174712,,5
130,1,12.0,2.2465254730911224,0.9926221295430513,0.23282632667739322,0.2443126134598638,,6
131,2,12.0,4.209631202390591,1.4676274773350628,0.27868507413798055,-2.4553820383437897,,6
132,1,13.0,3.422709763130661,0.7309569971072927,0.3326749058177412,-2.9463743809001506,,1
133,2,13.0,4.204586371336965,1.6208511323453942,0.3220225115633931,-0.6964210918747705,,1
134,1,13.0,2.3478126975609563,0.8743517083076329,0.33023244190309853,-0.27688831979442435,,2
135,2,13.0,2.554817018721485,1.0014205084061163,0.4142683573360525,-1.0758326377194873,,2
136,1,13.0,1.086200453456024,1.0280459950220213,0.3485549151948636,-0.05071533927179159,,3
137,2,13.0,0.7982447452118572,0.7358992899641166,0.33830544983360644,-0.038438839279008624,,3
138,1,13.0,2.7047327881962184,1.111349577444214,0.3278359549130577,0.11325131480509398,,4
139,2,13.0,5.78357100501538,1.9275090787727853,0.3282312411100541,-2.4332808475809244,,4
140,1,13.0,3.3140733912801363,1.291291631260481,0.32053188627807583,1.3488113788214229,,5
141,2,13.0,3.7443475978857466,1.6150805111048485,0.3894091353867535,-0.9949801663661879,,5
142,1,13.0,3.509673740202431,1.0661144662753252,0.32176997924883544,-1.1118267524655785,,6
143,2,13.0,2.662537056831444,1.3334818451783281,0.3882927416901867,-0.21950109132282977,,6
144,1,14.0,3.91344157342286,0.808984318108557,0.2742072476460421,0.12541513076092292,,1
145,2,14.0,4.9879385420359155,1.3979636309246812,0.35531822675235814,-0.7066309607392818,,1
146,1,14.0,1.9051592377529454,0.5862389577504787,0.30333896776772906,1.4180249110817473,,2
147,2,14.0,2.3190608478666745,1.058243931441142,0.3844211613610187,-0.5480372840106916,,2
148,1,14.0,2.035362973496212,0.6570824329152081,0.34946323662344225,-1.3913035575460369,,3
149,2,14.0,1.4601567189876836,1.3897226662492201,0.2952093798454658,0.8565198928280221,,3
150,1,14.0,4.062260824687607,1.3409196321492005,0.3287315649839553,1.1929666758052109,,4
151,2,14.0,1.8288024423651905,1.0752460842831866,0.40403144900931875,1.588730788014231,,4
152,1,14.0,2.906923985501663,1.3185091795246917,0.2839302245194298,0.9212736597172663,,5
153,2,14.0,2.4713920889233307,2.1049142555982128,0.10234489751384857,-0.42346480876836085,,5
154,1,14.0,3.2688241748619022,1.1660259872641983,0.32562867432886733,1.4561279281736201,,6
155,2,14.0,3.8099385057159645,2.1538559446887855,0.37672251288457737,-0.5092160567383639,,6
156,1,15.0,3.151906457588152,0.6853583178046554,0.33116353899195994,-1.1408196765528285,,1
157,2,15.0,4.64469360930545,1.6377402852893725,0.36014881665173815,-0.7784560937092659,,1
158,1,15.0,2.5695207575628247,1.0504513466354828,0.27232833867032463,0.3693579038079807,,2
159,2,15.0,1.7715936226122346,0.790972064396561,0.4169990984587162,-0.02980167646779422,,2
160,1,15.0,1.5209679337103466,1.0433640590453717,0.31159491801408445,0.40237024182888276,,3
161,2,15.0,1.5896770765706736,1.0373310111559002,0.45208648516269356,-0.45532633779313486,,3
162,1,15.0,1.923136611871805,0.5190241650585987,0.34222942762696096,-1.2216784598200319,,4
163,2,15.0,4.795704136412346,2.343030429533739,0.37020518884253995,-0.2009015312258993,,4
164,1,15.0,3.74943679290992,1.0091327411013897,0.30510877133608766,-2.3757000135625943,,5
165,2,15.0,3.230502892099693,1.4414034559153492,0.4217094113831519,-0.6583887365785295,,5
166,1,15.0,3.001898614430609,1.2432131159305353,0.30866974976965644,2.2420059224818925,,6
167,2,15.0,3.0217315002993477,1.7528513768879277,0.3899240118756093,1.4886964137861685,,6
168,1,16.0,2.562549057505329,1.278605374268805,0.23581054171366483,1.4982681761445604,,1
169,2,16.0,4.527612021917121,1.0567959370750288,0.4134773516842341,-1.456514885336118,,1
170,1,16.0,1.4777689398946974,0.6891826772354084,0.2314142313742431,-1.680554264579185,,2
171,2,16.0,3.113139169078389,1.4446324649508977,0.40448438512191665,0.25683216612105253,,2
172,1,16.0,1.1387929515313697,1.025538580430779,0.21815180008959445,0.43118238257233305,,3
173,2,16.0,1.4052839185677055,0.8498009366164476,0.3844721159385328,-0.7253500372159208,,3
174,1,16.0,1.14082036423381,0.5797196804658205,0.21189620585992314,-0.7013067923114354,,4
175,2,16.0,3.801656678816244,1.6229243838649428,0.4106695665173591,-0.18337902708085857,,4
176,1,16.0,1.1032210517652166,0.654269165560565,0.24027960880330806,-2.244811642932994,,5
177,2,16.0,1.9050141055445369,0.9384055515295184,0.37366352571928374,0.14171426190048045,,5
178,1,16.0,1.8095338647331047,1.0115232940903254,0.22478275996763591,-1.3287727289437112,,6
179,2,16.0,2.3165516852619987,0.9359361823504004,0.3828533239578926,-0.33356420468889686,,6
180,1,17.0,4.493651391699432,2.2752093246332548,0.2358336443309455,4.082258382699538,,1
181,2,17.0,4.465397637718694,1.9133625718428453,0.32776953245057494,0.9289690303514433,,1
182,1,17.0,4.5820686594622275,1.0052066751675368,0.3254776105535915,-1.5143106826433044,,2
183,2,17.0,2.3698839112536154,0.97821147983489,0.39093304830055775,0.30951672841827144,,2
184,1,17.0,2.0586406154513224,0.6479364761605142,0.32943104356561637,-0.524154297334956,,3
185,2,17.0,3.3873802174404424,1.334596014251268,0.4605787619603897,-0.7095469243351468,,3
186,1,17.0,4.293752861153891,1.0560935552234008,0.3181339262032068,-1.7534714221104069,,4
187,2,17.0,3.069115196415508,0.8452253148890989,0.4292878448564042,-2.539476310109705,,4
188,1,17.0,4.264344362770642,1.6033296591601767,0.30942044536243946,1.8972323987049886,,5
189,2,17.0,4.443284052327224,1.5303156146034356,0.4261458209719594,-0.7580332783546563,,5
190,1,17.0,3.0396392289513194,1.1054443197329822,0.24753951246273243,-0.38586372995546064,,6
191,2,17.0,4.282409503389336,2.397178674042064,0.25305839443481015,-0.09319067977528461,,6
