,v,a1,a2,k1,k2,ter
0,2.444527,1.4106808,0.5307244,3.0770102,4.33328,0.38496858
1,0.6878287,0.6690732,0.59219885,0.22692251,2.3244162,0.49027485
2,2.4206445,0.6476606,1.7295144,5.6640053,5.326874,0.33862156
3,2.8118126,0.7020918,1.8227983,6.8201723,2.6372123,0.3253035
4,1.2049227,1.8112348,1.8652425,1.763421,0.89258575,0.23153421
5,2.8478687,0.86606896,0.8697771,7.9285736,0.053007603,0.27305853
6,1.7013154,1.1475149,1.0631454,3.6328912,4.890253,0.4212018
7,0.2834401,1.0949408,0.6318944,0.07357216,6.112177,0.24936056
8,1.4672039,1.4534519,0.8635111,7.0429287,0.55895424,0.23543803
9,0.63458455,1.0880816,1.7168417,2.7469187,7.373271,0.427338
10,2.1673636,1.2142575,0.6079631,4.1718044,2.3110127,0.25407737
11,1.1776025,1.8439646,1.7256427,4.930031,1.3146992,0.41374898
12,2.0953698,1.9119722,1.2717147,6.857241,1.4877381,0.27047616
13,2.3002696,1.217761,1.6980314,3.8976889,1.1811495,0.24557695
14,0.09769732,1.4074668,0.7217684,2.3497643,5.178581,0.34461868
15,1.3078105,0.9440261,1.6265184,0.59388876,5.5211964,0.49775088
16,2.9568083,0.66983014,1.1368438,3.766119,2.999084,0.46822727
17,1.3342978,1.7552193,0.5500374,2.439972,4.886291,0.27473092
18,2.4613025,1.6539869,1.1996009,6.7645435,1.0158086,0.35288018
19,2.0537267,1.89355,1.912297,5.5252275,0.9027252,0.45788234
20,1.202964,1.5378137,1.3784273,0.044708252,4.2898602,0.3707656
21,2.2207932,1.0144846,1.4274646,1.1626654,2.1816893,0.350736
22,2.4114408,1.544692,1.7207494,1.3868012,3.447846,0.49865532
23,1.6569353,1.9264257,0.8919933,2.2993865,4.551885,0.28222954
24,1.1676085,1.9431386,1.1681184,2.9791899,1.1629624,0.39825222
25,2.9115083,1.2655945,1.5742859,4.3278275,6.732833,0.39551604
26,0.20499694,1.4866663,0.89165115,0.26211262,1.4587746,0.33215535
27,0.31956643,1.0868332,1.6772058,2.6293306,5.106746,0.49373686
28,0.088481605,1.519162,1.0171082,5.6140013,6.713081,0.38286665
29,0.43148303,0.74739134,1.9128344,4.341922,5.2622666,0.3445019
