,Unnamed: 0,v,a1,a2,k1,k2,ter
0,0,2.477698796823033,1.4914855327558514,0.6049070344683452,3.1465359924302443,6.939568281525192,0.3787353917895335
1,1,0.7033541055580558,0.7048539009379966,0.6286583925058331,0.7515535647078055,3.48337884732739,0.4855341293697015
2,2,2.385301094623811,0.567996966825272,1.6782391896301956,4.47573129428869,5.516568646078022,0.3457071562184607
3,3,2.756195448450666,0.7116025731511046,1.8402321538589723,6.986685270345137,2.84508077720875,0.3252998914977883
4,4,1.2523354971995415,1.8720033948212973,1.836788672582227,2.024353508091835,0.9721370209465876,0.2436267089286765
5,5,2.763795210065737,0.9077960934591986,0.9047140785922128,7.871301230729056,0.4676563528253161,0.2699892605340957
6,6,1.696206290311362,1.0316686032376494,0.9751364744229494,3.4896117417099743,4.616055458904275,0.4338587130930745
7,7,0.3380846863543457,1.189702047774407,0.5628742737329551,0.815972165559364,4.740126268869847,0.2535240098268976
8,8,1.4822695243672226,1.4876816105927708,0.8726801555295596,7.205330058816909,0.3873812406608387,0.237639455955727
9,9,0.6098959035733647,1.1153194550864245,1.9924566841186,2.9132337892537223,7.778012535241501,0.4180999828589137
10,10,2.185565776674883,1.1654430443682489,0.5757210946195648,4.195713658323234,2.3403493499020254,0.2591281702856802
11,11,1.2127883288636074,1.9483323537090984,1.851534944327768,4.891203642123748,1.481551147185578,0.4069047587907177
12,12,2.138000661166993,2.172425623795986,1.329237210607088,6.968300294235912,1.3238634099239797,0.2545894316915494
13,13,2.2946621686371813,0.9990622462728208,1.5388973952542937,3.524187058567618,0.9478506146968592,0.2706095835179006
14,14,0.1048363488629613,1.450951894753954,0.7515733837789926,2.3665172417038884,5.208884537821957,0.3417808235167969
15,15,1.308563358070558,1.047218448073553,1.9157796766995832,0.9779028206212246,5.595725261604999,0.4798870705602742
16,16,3.1126786087161307,0.8102299068548686,1.2688039882605309,4.677920627410929,3.2197225751297456,0.4533619525357352
17,17,1.3676928512168085,1.78848885161107,0.4706058257401115,2.625348786530364,2.7690039133421376,0.2821323041593898
18,18,2.493062085690076,1.5771372761518552,1.0974240626911758,6.674930838654848,0.4213364095651978,0.3588789316296529
19,19,2.0109948173453995,1.6426780050989678,1.6886929972373803,5.457391502645959,0.6596008549624721,0.4801368635057307
20,20,1.3248155716220749,1.7159546612732497,1.6384971980496534,0.3208940913095377,4.476921089379034,0.3463192512166528
21,21,2.260636502307231,1.099671043712759,1.4947630061235848,1.2543840939121742,2.136382553756422,0.3405531653470931
22,22,2.459156244311817,1.305280207263941,1.3820733958538267,0.7041311781430555,3.143772515622195,0.5294505989735045
23,23,1.757616043882305,1.903234047742253,0.9167856697921304,2.194502380926478,4.865876277002534,0.2847105987373912
24,24,1.2453595313974768,2.001146462790006,1.165622272339942,3.0305855992441155,1.277534028121554,0.3945810541458805
25,25,2.9050562499383967,1.188357188099731,1.4190705391125529,4.32750863563577,6.399266799453234,0.4059488920354445
26,26,0.2461611953585022,1.7641101498839766,1.2048098972106525,1.0868790826926855,2.2413403337024214,0.2681582395114791
27,27,0.3268261504079548,1.447212750573848,2.455444578460128,2.9554981154354567,5.302066326935747,0.4237252854598144
28,28,0.0513307337088169,1.5221599596310504,0.9946612436503904,5.647040966181358,6.674795831801926,0.3832167790593792
29,29,0.4965943840913068,0.8435446162264085,2.0994767270516044,4.770397608896604,5.366786810669226,0.3323587863453571
